T simple
# Automatically generated by queen_cover (N=2)
F 1 "forest name" 1 4 [0, 0, 0, 0]
a 1 1 1
a 1 2 1
a 1 1 1
a 1 2 1
a 1 2 -1
a 1 3 1
a 1 1 1
a 1 2 1
a 1 3 1
a 1 3 -1
a 1 4 1
a 1 1 1
a 1 2 1
a 1 3 1
a 1 4 1
a 1 4 -1
a 1 1 1
a 1 2 1
a 1 2 1
a 1 3 1
a 1 3 1
a 1 4 1
a 1 2 1
a 1 2 1
a 1 2 -1
a 1 3 1
a 1 3 1
a 1 3 -1
a 1 4 1
a 1 4 1
a 1 4 -1
a 1 4 1
a 1 3 1
a 1 4 1
a 1 4 -1
a 1 4 -1
a 1 3 -1
a 1 2 1
a 1 4 1
a 1 4 1
a 1 4 -1
a 1 3 1
a 1 3 1
a 1 3 -1
a 1 4 1
a 1 3 1
a 1 4 1
a 1 4 -1
a 1 4 -1
a 1 3 -1
a 1 2 -1
a 1 3 1
a 1 4 1
a 1 4 1
a 1 4 -1
a 1 2 1
a 1 3 1
a 1 4 1
a 1 4 -1
a 1 3 -1
a 1 2 -1
a 1 4 1
a 1 2 1
a 1 4 1
a 1 3 1
a 1 4 1
a 1 4 -1
a 1 4 -1
a 1 3 -1
a 1 2 -1
a 1 4 -1
a 1 3 -1
a 1 4 -1
a 1 3 -1
a 1 2 -1
a 1 4 -1
a 1 4 -1
a 1 3 -1
a 1 4 -1
a 1 3 -1
a 1 2 -1
a 1 3 -1
a 1 2 -1
a 1 1 -1
a 1 2 -1
a 1 1 -1
a 1 1 -1
a 1 4 -1
a 1 3 -1
a 1 2 -1
a 1 1 -1
a 1 3 -1
a 1 2 -1
a 1 1 -1
