T simple
# Automatically generated by queen_cover (N=3)
F 1 "forest name" 1 9 [0, 0, 0, 0, 0, 0, 0, 0, 0]
a 1 1 1
a 1 2 1
a 1 1 1
a 1 2 1
a 1 2 -1
a 1 3 1
a 1 1 1
a 1 2 1
a 1 3 1
a 1 3 -1
a 1 4 1
a 1 1 1
a 1 2 1
a 1 3 1
a 1 4 1
a 1 4 -1
a 1 5 1
a 1 1 1
a 1 2 1
a 1 3 1
a 1 4 1
a 1 5 1
a 1 5 -1
a 1 6 1
a 1 1 1
a 1 2 1
a 1 3 1
a 1 4 1
a 1 5 1
a 1 6 1
a 1 6 -1
a 1 7 1
a 1 1 1
a 1 2 1
a 1 3 1
a 1 4 1
a 1 5 1
a 1 6 1
a 1 7 1
a 1 7 -1
a 1 8 1
a 1 1 1
a 1 2 1
a 1 3 1
a 1 4 1
a 1 5 1
a 1 6 1
a 1 7 1
a 1 8 1
a 1 8 -1
a 1 9 1
a 1 1 1
a 1 2 1
a 1 3 1
a 1 4 1
a 1 5 1
a 1 6 1
a 1 7 1
a 1 8 1
a 1 9 1
a 1 9 -1
a 1 1 1
a 1 2 1
a 1 2 1
a 1 3 1
a 1 3 1
a 1 4 1
a 1 4 1
a 1 5 1
a 1 5 1
a 1 6 1
a 1 6 1
a 1 7 1
a 1 7 1
a 1 8 1
a 1 8 1
a 1 9 1
a 1 2 1
a 1 2 1
a 1 2 -1
a 1 3 1
a 1 3 1
a 1 3 -1
a 1 4 1
a 1 4 1
a 1 4 -1
a 1 7 1
a 1 7 1
a 1 7 -1
a 1 5 1
a 1 5 1
a 1 5 -1
a 1 9 1
a 1 9 1
a 1 9 -1
a 1 5 1
a 1 7 1
a 1 9 1
a 1 4 1
a 1 5 1
a 1 7 1
a 1 9 1
a 1 9 -1
a 1 7 -1
a 1 5 -1
a 1 6 1
a 1 7 1
a 1 8 1
a 1 9 1
a 1 9 -1
a 1 7 -1
a 1 5 -1
a 1 4 -1
a 1 2 1
a 1 5 1
a 1 5 1
a 1 5 -1
a 1 8 1
a 1 8 1
a 1 8 -1
a 1 4 1
a 1 4 1
a 1 4 -1
a 1 6 1
a 1 6 1
a 1 6 -1
a 1 5 1
a 1 8 1
a 1 6 1
a 1 8 1
a 1 8 -1
a 1 4 1
a 1 5 1
a 1 6 1
a 1 8 1
a 1 8 -1
a 1 6 -1
a 1 5 -1
a 1 7 1
a 1 8 1
a 1 9 1
a 1 9 -1
a 1 8 -1
a 1 7 -1
a 1 8 -1
a 1 6 -1
a 1 5 -1
a 1 4 -1
a 1 3 1
a 1 6 1
a 1 6 1
a 1 6 -1
a 1 9 1
a 1 9 1
a 1 9 -1
a 1 5 1
a 1 5 1
a 1 5 -1
a 1 7 1
a 1 7 1
a 1 7 -1
a 1 6 1
a 1 7 1
a 1 9 1
a 1 5 1
a 1 6 1
a 1 7 1
a 1 9 1
a 1 9 -1
a 1 7 -1
a 1 6 -1
a 1 4 1
a 1 5 1
a 1 6 1
a 1 7 1
a 1 8 1
a 1 9 1
a 1 9 -1
a 1 8 -1
a 1 7 -1
a 1 6 -1
a 1 9 -1
a 1 7 -1
a 1 6 -1
a 1 5 -1
a 1 3 -1
a 1 2 -1
a 1 4 1
a 1 5 1
a 1 5 1
a 1 5 -1
a 1 6 1
a 1 6 1
a 1 6 -1
a 1 8 1
a 1 8 1
a 1 8 -1
a 1 2 1
a 1 4 1
a 1 7 1
a 1 8 1
a 1 5 1
a 1 6 1
a 1 7 1
a 1 8 1
a 1 8 -1
a 1 7 -1
a 1 3 1
a 1 4 1
a 1 5 1
a 1 6 1
a 1 7 1
a 1 8 1
a 1 9 1
a 1 8 -1
a 1 7 -1
a 1 6 -1
a 1 5 -1
a 1 4 -1
a 1 2 -1
a 1 3 1
a 1 5 1
a 1 7 1
a 1 8 1
a 1 2 1
a 1 3 1
a 1 5 1
a 1 7 1
a 1 8 1
a 1 9 1
a 1 8 -1
a 1 7 -1
a 1 5 -1
a 1 3 -1
a 1 4 1
a 1 5 1
a 1 6 1
a 1 7 1
a 1 8 1
a 1 9 1
a 1 9 -1
a 1 8 -1
a 1 7 -1
a 1 5 -1
a 1 9 -1
a 1 8 -1
a 1 7 -1
a 1 6 -1
a 1 5 -1
a 1 4 -1
a 1 3 -1
a 1 2 -1
a 1 6 1
a 1 8 1
a 1 8 1
a 1 8 -1
a 1 8 1
a 1 9 1
a 1 3 1
a 1 6 1
a 1 8 1
a 1 9 1
a 1 9 -1
a 1 8 -1
a 1 4 1
a 1 5 1
a 1 6 1
a 1 8 1
a 1 9 1
a 1 9 -1
a 1 8 -1
a 1 6 -1
a 1 2 1
a 1 3 1
a 1 4 1
a 1 5 1
a 1 6 1
a 1 7 1
a 1 8 1
a 1 9 1
a 1 9 -1
a 1 8 -1
a 1 7 -1
a 1 6 -1
a 1 5 -1
a 1 4 -1
a 1 3 -1
a 1 9 -1
a 1 8 -1
a 1 6 -1
a 1 5 -1
a 1 4 -1
a 1 3 -1
a 1 4 1
a 1 5 1
a 1 6 1
a 1 7 1
a 1 8 1
a 1 9 1
a 1 9 -1
a 1 8 -1
a 1 7 -1
a 1 6 -1
a 1 5 -1
a 1 4 -1
a 1 6 -1
a 1 5 -1
a 1 9 -1
a 1 8 -1
a 1 7 -1
a 1 6 -1
a 1 5 -1
a 1 4 -1
a 1 7 1
a 1 8 1
a 1 8 1
a 1 8 -1
a 1 9 1
a 1 9 1
a 1 9 -1
a 1 3 1
a 1 4 1
a 1 5 1
a 1 7 1
a 1 8 1
a 1 9 1
a 1 2 1
a 1 3 1
a 1 4 1
a 1 5 1
a 1 6 1
a 1 7 1
a 1 8 1
a 1 9 1
a 1 9 -1
a 1 8 -1
a 1 7 -1
a 1 5 -1
a 1 4 -1
a 1 3 -1
a 1 6 1
a 1 8 1
a 1 5 1
a 1 6 1
a 1 8 1
a 1 8 -1
a 1 6 -1
a 1 7 1
a 1 8 1
a 1 9 1
a 1 8 -1
a 1 4 1
a 1 5 1
a 1 6 1
a 1 7 1
a 1 8 1
a 1 9 1
a 1 9 -1
a 1 8 -1
a 1 7 -1
a 1 6 -1
a 1 5 -1
a 1 4 -1
a 1 3 -1
a 1 2 -1
a 1 9 -1
a 1 8 -1
a 1 7 -1
a 1 6 -1
a 1 5 -1
a 1 9 1
a 1 3 1
a 1 5 1
a 1 6 1
a 1 9 1
a 1 7 1
a 1 8 1
a 1 9 1
a 1 9 -1
a 1 5 1
a 1 6 1
a 1 7 1
a 1 8 1
a 1 9 1
a 1 9 -1
a 1 8 -1
a 1 7 -1
a 1 6 -1
a 1 5 -1
a 1 4 -1
a 1 9 -1
a 1 8 -1
a 1 7 -1
a 1 6 -1
a 1 5 -1
a 1 3 -1
a 1 7 1
a 1 8 1
a 1 9 1
a 1 9 -1
a 1 8 -1
a 1 7 -1
a 1 6 -1
a 1 5 -1
a 1 4 -1
a 1 3 -1
a 1 2 -1
a 1 9 -1
a 1 8 -1
a 1 9 -1
a 1 8 -1
a 1 7 -1
a 1 9 -1
a 1 8 -1
a 1 7 -1
a 1 6 -1
a 1 5 -1
a 1 4 -1
a 1 3 -1
a 1 2 -1
a 1 8 -1
a 1 7 -1
a 1 6 -1
a 1 5 -1
a 1 7 -1
a 1 4 -1
a 1 8 -1
a 1 5 -1
a 1 9 -1
a 1 6 -1
a 1 4 -1
a 1 6 -1
a 1 2 -1
a 1 7 -1
a 1 5 -1
a 1 3 -1
a 1 9 -1
a 1 5 -1
a 1 8 -1
a 1 6 -1
a 1 8 -1
a 1 4 -1
a 1 9 -1
a 1 7 -1
a 1 9 -1
a 1 8 -1
a 1 7 -1
a 1 6 -1
a 1 5 -1
a 1 4 -1
a 1 3 -1
a 1 2 -1
a 1 1 -1
a 1 8 -1
a 1 7 -1
a 1 6 -1
a 1 5 -1
a 1 4 -1
a 1 3 -1
a 1 2 -1
a 1 1 -1
a 1 7 -1
a 1 6 -1
a 1 5 -1
a 1 4 -1
a 1 3 -1
a 1 2 -1
a 1 1 -1
a 1 6 -1
a 1 5 -1
a 1 4 -1
a 1 3 -1
a 1 2 -1
a 1 1 -1
a 1 5 -1
a 1 4 -1
a 1 3 -1
a 1 2 -1
a 1 1 -1
a 1 4 -1
a 1 3 -1
a 1 2 -1
a 1 1 -1
a 1 3 -1
a 1 2 -1
a 1 1 -1
a 1 2 -1
a 1 1 -1
a 1 1 -1
a 1 9 -1
a 1 8 -1
a 1 7 -1
a 1 6 -1
a 1 5 -1
a 1 4 -1
a 1 3 -1
a 1 2 -1
a 1 1 -1
