T simple
# Automatically generated by kanban (N=5) 
F 1 "MDD" 1 16 [0, 0, 0, 0, 0, 0, 0, 0, 0, 0, 0, 0, 0, 0, 0, 0]
F 2 "MxD" -16 16 [0, 0, 0, 0, 0, 0, 0, 0, 0, 0, 0, 0, 0, 0, 0, 0, 0, 0, 0, 0, 0, 0, 0, 0, 0, 0, 0, 0, 0, 0, 0, 0, 0]
p Building initial state
a 1 1 1 1 2 1 1 3 1 1 4 1 1 5 1 1 6 1 1 7 1 1 8 1 1 9 1 1 10 1 1 11 1 1 12 1 1 13 1 1 14 1 1 15 1 1 16 1
p Building next-state function
a 2 -9 1 2 -8 1 2 -7 1 2 -6 1 2 -5 1 2 -4 1 2 -3 1 2 -2 2 2 -1 6 2 1 1
a 2 -16 1 2 -15 1 2 -14 1 2 -13 1 2 -12 1 2 -11 1 2 -10 1 2 -5 1 2 -4 1 2 -3 1 2 -2 5 2 2 1
a 2 -16 1 2 -15 1 2 -14 1 2 -13 1 2 -12 1 2 -11 1 2 -10 1 2 -9 1 2 -8 1 2 -7 1 2 -6 1 2 -2 5
a 2 -13 1 2 -12 1 2 -11 1 2 -10 1 2 -9 1 2 -8 1 2 -7 1 2 -6 1 2 -5 1 2 -4 1 2 -3 2 2 -2 2 2 2 2
a 2 -16 1 2 -15 1 2 -14 1 2 -3 6 2 -2 5 2 2 1 2 3 1
a 2 -16 1 2 -15 1 2 -14 1 2 -13 1 2 -12 1 2 -11 1 2 -10 1 2 -9 1 2 -8 1 2 -7 1 2 -6 1 2 -5 1 2 -4 1 2 -3 3
a 2 -5 1 2 -4 1 2 -3 9 2 -2 1 2 2 1 2 3 3
a 2 -16 1 2 -15 1 2 -14 1 2 -13 1 2 -12 1 2 -11 1 2 -10 1 2 -9 1 2 -8 1 2 -7 1 2 -6 1 2 -3 5
a 2 -16 -2 2 -4 2 2 -3 1 2 3 1
a 2 -16 -2 2 -3 -12 2 3 -2
a 2 -13 1 2 -12 1 2 -11 1 2 -10 1 2 -9 1 2 -8 1 2 -7 1 2 -6 1 2 -5 1 2 -4 5 2 -3 1 2 4 1
a 2 -16 1 2 -15 1 2 -14 1 2 -6 1 2 -4 10 2 4 2
a 2 -13 1 2 -12 1 2 -11 1 2 -10 1 2 -9 1 2 -8 1 2 -7 2 2 -6 5 2 -5 1 2 -4 1 2 6 1
a 2 -16 1 2 -15 1 2 -14 1 2 -7 6 2 -6 6 2 6 1
a 2 -16 1 2 -15 1 2 -14 1 2 -13 1 2 -12 1 2 -11 1 2 -10 1 2 -9 1 2 -8 1 2 -7 5 2 7 2
a 2 -14 1 2 -13 1 2 -12 1 2 -11 1 2 -10 1 2 -9 1 2 -8 1 2 -7 6 2 -6 1 2 6 1 2 7 1
a 2 -16 2 2 -15 2 2 -14 1 2 -13 1 2 -12 1 2 -11 1 2 -10 1 2 -9 1 2 -8 1 2 -7 2 2 -6 1 2 6 1 2 7 1
a 2 -8 3 2 -7 11 2 7 2
a 2 -16 1 2 -15 1 2 -14 1 2 -13 1 2 -12 1 2 -11 1 2 -10 1 2 -9 1 2 -8 7 2 8 1
a 2 -10 1 2 -9 1 2 -8 7 2 -6 1 2 -5 1 2 -4 1 2 -1 1 2 1 1 2 8 2
a 2 -16 1 2 -15 1 2 -14 1 2 -13 1 2 -12 1 2 -11 1 2 -10 1 2 -9 1 2 -8 1 2 -7 1 2 -6 1 2 -5 1 2 -4 2 2 -3 1 2 -2 1
a 2 -14 1 2 -13 1 2 -12 1 2 -11 1 2 -10 2 2 -9 2 2 -8 1 2 -7 1 2 -6 2 2 -5 2 2 -4 1 2 4 1
a 2 -16 -1 2 -15 -1 2 -10 1 2 -9 1 2 -6 1 2 -5 1 2 -4 5 2 4 1
a 2 -16 -2 2 -15 -5 2 -14 -4 2 -7 -4 2 7 -1
a 2 -16 -2 2 -15 -2 2 -14 -1 2 -7 -10 2 7 -1
a 2 -16 -1 2 -8 -6 2 -7 -1 2 -4 -5 2 4 -1 2 7 -1 2 8 -1
a 2 -16 -1 2 -12 1 2 -11 1 2 -10 1 2 -9 1 2 -8 1 2 -6 1 2 -5 5 2 -4 -1 2 5 1
a 2 -16 2 2 -15 1 2 -14 1 2 -13 1 2 -10 1 2 -9 1 2 -6 3 2 -5 5 2 5 1
a 2 -12 1 2 -11 1 2 -10 2 2 -9 6 2 -8 1 2 -6 3 2 6 1 2 9 1
a 2 -16 1 2 -15 1 2 -14 1 2 -13 1 2 -10 5 2 -9 6 2 9 1
a 2 -16 1 2 -15 1 2 -14 1 2 -13 1 2 -12 1 2 -11 1 2 -10 8 2 10 2
a 2 -16 1 2 -15 1 2 -14 1 2 -13 1 2 -12 1 2 -11 2 2 -10 7 2 10 2
a 2 -15 1 2 -14 1 2 -13 1 2 -12 1 2 -11 6 2 -10 4 2 10 1 2 11 1
a 2 -16 1 2 -11 11 2 -10 1 2 10 1 2 11 2
a 2 -16 1 2 -15 1 2 -14 1 2 -13 1 2 -12 1 2 -11 9 2 11 2
a 2 -16 1 2 -15 1 2 -14 1 2 -13 1 2 -12 7 2 -11 3 2 11 1 2 12 1
a 2 -12 11 2 -9 1 2 -8 1 2 -5 1 2 12 2
a 2 -16 1 2 -15 1 2 -14 2 2 -13 2 2 -12 1 2 -11 1 2 -10 1 2 -9 1 2 -8 1 2 -7 1 2 -6 1 2 -5 2 2 5 1
a 2 -14 1 2 -13 1 2 -12 2 2 -11 1 2 -10 1 2 -9 2 2 -8 2 2 -5 4 2 5 1 2 8 1
a 2 -16 1 2 -15 1 2 -14 2 2 -13 2 2 -12 1 2 -9 2 2 -8 5 2 8 1 2 9 1
a 2 -16 1 2 -15 1 2 -14 2 2 -13 2 2 -12 2 2 -11 1 2 -10 1 2 -9 5 2 9 1
a 2 -16 1 2 -15 1 2 -14 2 2 -13 3 2 -12 7 2 12 2
a 2 -16 1 2 -15 1 2 -14 2 2 -13 10 2 13 2
a 2 -16 1 2 -15 1 2 -14 12 2 14 2
a 2 -16 1 2 -15 2 2 -14 10 2 14 3
a 2 -16 1 2 -15 11 2 -14 1 2 -13 -1 2 15 2
a 2 -16 1 2 -15 11 2 -14 1 2 14 1 2 15 2
a 2 -16 2 2 -15 7 2 -14 1 2 -13 3 2 13 1 2 15 2
a 2 -16 9 2 -15 1 2 -13 4 2 13 1 2 16 1
a 2 -16 13 2 16 3
a 2 -16 7 2 -14 -3 2 -13 -2 2 -12 -1 2 -11 -1 2 16 2
a 2 -16 -8 2 -15 -5 2 -14 -1 2 -13 -1 2 15 -1
a 2 -16 -4 2 -15 -5 2 -13 -2 2 -12 -2 2 -11 -1 2 15 -1 2 16 -1
a 2 -16 -5 2 -15 -5 2 -14 -1 2 -13 -2 2 -12 -1 2 -11 -1 2 15 -1
a 2 -16 -2 2 -15 -2 2 -14 -7 2 -11 -4 2 11 -1
a 2 -16 -3 2 -15 -2 2 -14 -2 2 -13 -2 2 -12 -1 2 -11 -1 2 -5 -1 2 -4 -1 2 4 -1 2 14 -1 2 16 -1
a 2 -16 -4 2 -10 -1 2 -9 -2 2 -8 -2 2 -7 -2 2 -6 -2 2 -5 -1 2 -4 -1 2 16 -1
a 2 -16 -1 2 -15 -3 2 -14 -6 2 -13 -2 2 -12 -2 2 -11 -1 2 -10 -1
a 2 -13 -1 2 -12 -1 2 -11 -6 2 -10 -2 2 -9 -1 2 -8 -1 2 -7 -1 2 -6 -1 2 8 -1 2 11 -1
a 2 -16 -1 2 -15 -1 2 -14 -4 2 -13 -2 2 -12 -2 2 -11 -2 2 -10 -2 2 -9 -1 2 -8 -1
a 2 -15 -1 2 -14 -1 2 -13 -1 2 -12 -2 2 -11 -2 2 -10 -5 2 -9 -1 2 -8 -1 2 -7 -1 2 7 -1
a 2 -11 -1 2 -10 -8 2 -9 -1 2 -8 -1 2 -7 -1 2 -6 -1 2 -5 -1 2 -4 -1 2 10 -1
a 2 -16 -1 2 -12 -2 2 -11 -3 2 -10 -2 2 -9 -1 2 -8 -1 2 -7 -1 2 -5 -1 2 -4 -1 2 -3 -1 2 3 -1 2 11 -1
a 2 -16 -10 2 -15 -1 2 -14 -1 2 -13 -1 2 -7 -1 2 16 -2
a 2 -15 -4 2 -14 -1 2 -13 -1 2 -12 -1 2 -11 -1 2 -10 -1 2 -9 -1 2 -8 -1 2 -7 -4 2 7 -1
a 2 -16 -1 2 -15 -7 2 -3 -5 2 3 -1 2 15 -2
a 2 -13 -1 2 -12 -2 2 -11 -11 2 -10 -1 2 11 -1
a 2 -15 -2 2 -14 -2 2 -13 -1 2 -12 -7 2 -11 -1 2 11 -1 2 12 -2
p Building reachability set
a 2 -16 5 2 -15 3 2 -14 -1 2 -13 -1 2 -12 -1 2 16 1
a 2 -15 2 2 -14 5 2 -12 5 2 -11 1 2 12 1 2 14 1 2 15 1
a 2 -11 5 2 -10 5 2 -8 4 2 10 1 2 11 1
a 2 -8 1 2 -7 6 2 -4 5 2 -3 1 2 4 1 2 7 1 2 8 1
a 1 1 5 1 2 5 2 -3 5 2 3 1
a 1 2 6 1 3 6 1 4 1 1 5 1 1 6 1 1 7 1
a 1 5 2 1 6 5 1 7 5 1 8 2 1 9 2
a 1 5 2 1 6 6 1 7 4 1 8 2 1 9 2
a 1 5 1 1 6 8 1 7 5 1 8 1 1 9 1
a 1 6 1 1 7 6 1 8 1 1 9 1 1 10 7
a 1 10 4 1 11 6 1 12 1 1 13 5
a 1 13 1 1 14 11 1 15 4
a 1 2 -1 1 10 -1 1 15 2 1 16 1 2 -12 -5 2 -11 -1 2 -10 -1 2 -6 -1 2 6 -1 2 10 -1 2 12 -1
a 1 2 -3 1 10 -1 1 14 -1 2 -15 -1 2 -13 -5 2 -12 -1 2 -10 -1 2 -9 -2 2 9 -1
a 1 10 -1 1 14 -2 2 -15 -2 2 -13 -2 2 -12 -2 2 -9 -5 2 -8 -1 2 -3 -1
p Cleanup
a 1 2 -2 1 3 -1 1 4 -1 1 10 -2 1 14 -2 2 -14 -1 2 -13 -1 2 -11 -1 2 -9 -2 2 -8 -1 2 13 -1 2 14 -1
